1.258221205826824161e02
1.252069086703690033e02
1.201001715847143032e02
1.171371374001369219e02
1.123041577153741741e02
1.210816936095788208e02
1.221338690419477757e02
1.228047038437643579e02
1.203707989920095827e02
1.170939811687305507e02
1.136397002158006728e02
1.206680478554737164e02
1.232493195410697382e02
1.219430126799768033e02
1.212408207670508347e02
1.169270289313515292e02
1.118849540264725420e02
1.196425181742207400e02
1.231909968178774051e02
1.235436015272762660e02
1.216668440135962186e02
1.172277741190434455e02
1.120118880754958752e02
1.206190526013665902e02
1.219670228497219853e02
1.242909893123841556e02
1.247157702235633252e02
1.201263105053010207e02
1.129004145904125096e02
1.243289056127015044e02
1.257218752002498690e02
1.212274715728531760e02
1.163199353573710511e02
1.130257038998171168e02
1.215843272625799187e02
1.242203070240865372e02
1.240191603533957334e02
1.194233745249324414e02
1.156785342497858693e02
1.118933627870204788e02
1.221035031458437174e02
1.233706882986796813e02
1.237513592807651577e02
1.197208415379478623e02
1.169407363540538398e02
1.117938495056177004e02
1.213218556486658457e02
1.223757586160601818e02
1.238333796602461661e02
1.219970036398020170e02
1.183683252107930599e02
1.121185813114447143e02
1.210821150788912490e02
1.224617751434305717e02
1.250659056386905092e02
1.253395769821400734e02
1.201845582943065693e02
1.132454513396608320e02
1.222564184655968518e02
1.258845839282977863e02
1.208937014395111760e02
1.174293071875454189e02
1.131128937012991571e02
1.210387953012316302e02
1.236762291707365051e02
1.232153342750228404e02
1.208224079292783983e02
1.171170809506765664e02
1.122970008021390100e02
1.204324229150365113e02
1.232671841980350820e02
1.230663300437948635e02
1.208682173487054143e02
1.167799269528720032e02
1.126145207640568202e02
1.218255987430590750e02
1.226366847137203848e02
1.233660245645677094e02
1.227544500106890126e02
1.190870433146761656e02
1.121797812267670338e02
1.207167947585708987e02
1.228828968437920253e02
1.247166210317377306e02
1.247497357607097968e02
1.213541089683139802e02
1.131803952094954724e02
1.231363858630329986e02
1.262760963525834939e02
1.258882219996273193e02
1.165735245222212626e02
1.130037192710358767e02
1.214437059962747583e02
1.235322845575297208e02
1.226793763466822469e02
1.199718010274837638e02
1.167698302357518543e02
1.118974822052961855e02
1.215086984867257343e02
1.227184215137084919e02
1.233880432330760328e02
1.206017150983808506e02
1.168205863285257067e02
1.131796278218473617e02
1.208817394975628048e02
1.217973119356768308e02
1.230390594998025477e02
1.229253607238747605e02
1.184625752715745222e02
1.115407279229932129e02
1.213032970181415067e02
1.225422997338562539e02
1.255920496805375137e02
1.253736083774687273e02
1.197864593745512138e02
1.131409117820944203e02
1.227099255933662079e02
1.255401323669452722e02
1.232124819020980766e02
1.212147355008185485e02
1.125572336341358124e02
1.221134481068578026e02
1.234105104403856075e02
1.239035219906350846e02
1.204265861917356233e02
1.163495014583907903e02
1.124093982279617165e02
1.205999063020613988e02
1.224291207517126026e02
1.234727636626194709e02
1.205072937822663306e02
1.173279605581757750e02
1.129926347851292974e02
1.213144399169127325e02
1.218177792383428226e02
1.232556026060508572e02
1.219485452105431023e02
1.176541660292105149e02
1.122830857092305763e02
1.215240192413732814e02
1.219576024327912478e02
1.254404152590059738e02
1.249064016987016430e02
1.194374767551673955e02
1.133129931596674425e02
1.242071671805752260e02
1.262666085568208558e02
1.244116326306013036e02
1.210103194644194673e02
1.168274018572946886e02
1.221568166888220901e02
1.235174735703271125e02
1.238011709705919117e02
1.206936648479297105e02
1.164562316306927414e02
1.122653717952027534e02
1.209137915539794932e02
1.224842880497436965e02
1.228989781944162303e02
1.211337075711030735e02
1.169851628907796766e02
1.117718384168756103e02
1.208024604757387976e02
1.221728927532467139e02
1.238650868273172421e02
1.208408764755455280e02
1.178399969188917140e02
1.118760499660611742e02
1.209885020913897051e02
1.215625420398144456e02
1.243600771027543033e02
1.248295052243637144e02
1.206753061987030549e02
1.138806820051838287e02
1.232442274108593381e02
1.251860040237601481e02
1.255140896932766026e02
1.203772536205864583e02
1.166590600359841687e02
1.125746730947407741e02
1.249445751547381320e02
1.229862523098884850e02
1.200232312320265748e02
1.169627436473639932e02
1.125679922903726293e02
1.215956620757503686e02
1.231307739399497052e02
1.234676849547438167e02
1.207534683082333089e02
1.171078589365510112e02
1.118019826115088620e02
1.210058253530738170e02
1.227726433114662115e02
1.224561740653459054e02
1.218660056369507174e02
1.175855423758515741e02
1.130542361051249713e02
1.204734331241750027e02
1.231986190452035999e02
1.248454413044049147e02
1.253822390729794165e02
1.208431162628630489e02
1.131885822515067019e02
1.234571047223650737e02
1.265309402656878035e02
1.254544868118166789e02
1.213094354098115133e02
1.171104971409129405e02
1.121871080178137419e02
1.218856833046766184e02
1.233186634539956970e02
1.206924715094269942e02
1.164607929821742687e02
1.125282710135583102e02
1.208819802680553437e02
1.233639530161495230e02
1.230822685741433560e02
1.196197929518912275e02
1.178162575708715565e02
1.126863787835810200e02
1.213151294019377815e02
1.232037574403588849e02
1.231704503755609039e02
1.216136646839252506e02
1.172714579879865653e02
1.124045699583363813e02
1.203263584058660172e02
1.213160932511212309e02
1.251044499460279553e02
1.257099243330582254e02
1.210441456139109420e02
1.126742289403929362e02
1.226632158597027740e02
1.261758241872844053e02
1.247612179110993793e02
1.206156599085713310e02
1.160821423828056140e02
1.125247061435797633e02
1.221195755025957794e02
1.227922395880257085e02
1.208167406043218364e02
1.175810869250414328e02
1.123823178404291099e02
1.214203277639551715e02
1.228682654108719277e02
1.219724794025355976e02
1.209285627728125831e02
1.173593104414477182e02
1.119893455995746052e02
1.216407060167563685e02
1.223190614541914698e02
1.240239751167794395e02
1.228954098212951607e02
1.178439395078258940e02
1.126400535810351045e02
1.211128152410835384e02
1.229842716448630711e02
1.245680245211475494e02
1.256159036804558866e02
1.198758620386972069e02
1.128743689895839850e02
1.242033657070277712e02
1.255216328586562327e02
1.249479166679164024e02
1.215783982505012375e02
1.175638988225525026e02
1.124385184938140156e02
1.224928452703556729e02
1.235197435852349344e02
1.239218876415116029e02
1.175746015246067060e02
1.117141680136037394e02
1.213458461885512634e02
1.227067433136714243e02
1.233685194706159791e02
1.211466084215185361e02
1.175554509670209313e02
1.127144571346349124e02
1.217836418245010890e02
1.224382427205255084e02
1.245932770022340179e02
1.215978965910310023e02
1.184164933334187992e02
1.118533694954778355e02
1.200651752541071602e02
1.211539095904740435e02
1.250614191584419501e02
1.260198294749398116e02
1.211225972166232481e02
1.132290936403058339e02
1.236465600178086106e02
1.254504468245617801e02
1.254214022549260079e02
1.211115454393351456e02
1.162889477128504581e02
1.122653961846935573e02
1.211260859240178718e02
1.222222427071196336e02
1.234996971735997562e02
1.207651927918096391e02
1.128133563389637288e02
1.212229423716997019e02
1.231200320973711939e02
1.224363101817063892e02
1.214955157396312160e02
1.177293634141045118e02
1.115418200163788924e02
1.207142135567308117e02
1.226569276292459278e02
1.234726924652449895e02
1.217261496459243659e02
1.185669925477822062e02
1.123538183008063669e02
1.203320715787469624e02
1.222709680783262911e02
1.245034255574771862e02
1.254103952855903970e02
1.197236039583809060e02
1.129260596498057367e02
1.228147576103824008e02
1.256179678184522430e02
1.247708121859479604e02
1.206891414416880082e02
1.173919311865029442e02
1.132319121491780578e02
1.222392674796077756e02
1.235941545505698684e02
1.241993471105543563e02
1.198838729329560380e02
1.180085968531324312e02
1.219423435902796484e02
1.233540478049808371e02
1.231222701039323226e02
1.204322477719525466e02
1.177295339985811182e02
1.120459127405981121e02
1.205451367967819323e02
1.222072649536930697e02
1.228091959882826245e02
1.217630379544110468e02
1.178687170045285342e02
1.120878223027868756e02
1.206917938916146795e02
1.226550225508978684e02
1.251156468951520964e02
1.249401723766971628e02
1.205995308622741788e02
1.129423663809981093e02
1.232763787169566854e02
1.252165171060799622e02
1.248597819279996344e02
1.206354022778172634e02
1.167296947561536911e02
1.133052739978735417e02
1.219905987004621153e02
1.236599451628837869e02
1.231549758754773336e02
1.205280980696084612e02
1.158605782956966976e02
1.124723602660962740e02
1.227153474317593975e02
1.230396899060003051e02
1.209208829694749170e02
1.167207986734603793e02
1.121896722163778719e02
1.209649848717674985e02
1.232419762091805211e02
1.229904959828847240e02
1.218182542389142071e02
1.181074490833396027e02
1.111737639390577925e02
1.214064303490433048e02
1.216570740102715007e02
1.252713687511412672e02
1.248073491050584494e02
1.200462117320588931e02
1.127489273068207041e02
1.239060859866359863e02
1.256013299841274460e02
1.251401278523321423e02
1.209546654755157959e02
1.165527429742861045e02
1.129099189780020680e02
1.216031498120585326e02
1.244916324938827472e02
1.232867319045470111e02
1.197083244601020198e02
1.166419823109374505e02
1.127155049381919838e02
1.209337957012819800e02
1.225480248812913260e02
1.214673029339629835e02
1.174192934069448881e02
1.121940775793481748e02
1.208870650019840838e02
1.224246529800078918e02
1.236673015053225271e02
1.224847867674505153e02
1.175341306123151526e02
1.124577663201604452e02
1.202540537909717244e02
1.223024201127229702e02
1.244177299734445228e02
1.251968014574047317e02
1.202015723126970386e02
1.130094517154780647e02
1.229942566993114497e02
1.258400135124820167e02
1.254367599872487347e02
1.207644242411733728e02
1.162189993740955600e02
1.122772668762328578e02
1.216212050283919268e02
1.239902937807215011e02
1.231942315803265302e02
1.202555962188781393e02
1.169290884060057181e02
1.127986415066468169e02
1.218378719188222448e02
1.226586823341977635e02
1.209414168134439507e02
1.168994034385706442e02
1.121301818536700097e02
1.213495018609111042e02
1.231793002751767006e02
1.248874927218136719e02
1.225575608590127388e02
1.180970254845878031e02
1.123771233289073876e02
1.204941802424650774e02
1.220322003421493235e02
1.254308728346655499e02
1.252128020955520213e02
1.195811962884314141e02
1.130505124793560583e02
1.230205849536224605e02
1.258189315259445635e02
1.253060952819301406e02
1.201003846833795308e02
1.168720903789295704e02
1.115809515417000881e02
1.206041102764484094e02
1.239543553888392324e02
1.238401131211952446e02
1.205918135800549322e02
1.174722728582828211e02
1.132080923956130363e02
1.205403071456601225e02
1.230181813941604219e02
1.231197676161158370e02
1.177555639755037760e02
1.118192335998762275e02
1.216417692771232026e02
1.221403337280588488e02
1.237611894180639496e02
1.225730068037943141e02
1.176424483200039930e02
1.129355867794822217e02
1.209155521577057186e02
1.225853070616940812e02
1.250176890618327974e02
1.246040860827032759e02
1.198937213905142727e02
1.128593558812456621e02
1.238227203917832639e02
1.253383905258233568e02
1.245967264556031608e02
1.198177244483592006e02
1.162393882964681495e02
1.130973268620271028e02
1.220779461045195973e02
1.227405086982367806e02
1.223480746195958488e02
1.207521914850283054e02
1.166836426307160508e02
1.124130966899366371e02
1.213443704014883195e02
1.226870366099069969e02
1.232623215845871272e02
1.222432976060450045e02
1.126850184337698835e02
1.214329360040087806e02
1.227497990864623318e02
1.234702619448390948e02
1.225522756549393364e02
1.181107506612769527e02
1.121276741668538222e02
1.207773044728851204e02
1.224407016134788506e02
1.246286335516711574e02
1.250391708499288654e02
1.198254121716611138e02
1.134869548335607590e02
1.235656765505677157e02
1.251720053450009971e02
1.248892347964600020e02
1.205106223036932533e02
1.163021467413898051e02
1.123924701089295581e02
1.219091775616998490e02
1.236530295687186793e02
1.233298391021170062e02
1.204373028748939305e02
1.173603981588299519e02
1.121937115942884589e02
1.201138718395555856e02
1.223399083908602165e02
1.228450549397438039e02
1.212616855017624573e02
1.165638342984266842e02
1.210783657422750963e02
1.221407462388973215e02
1.236546223679496990e02
1.219926539803995951e02
1.178388306940656634e02
1.124419930603897768e02
1.207227757804284636e02
1.221074224498190404e02
1.251205595500290997e02
1.262293944527081209e02
1.198608045844420928e02
1.138116577125128117e02
1.240599744214545126e02
1.261376237530311784e02
1.248753946112604609e02
1.209066388728268038e02
1.169017886280500278e02
1.123270171458826354e02
1.223102913224473411e02
1.236180665189942118e02
1.240980835417436055e02
1.198731692218275100e02
1.169790929937423840e02
1.132494094444384842e02
1.207366549550712307e02
1.225002876654430963e02
1.235233514451012553e02
1.205857413939937999e02
1.163904300527254350e02
1.122264423179384352e02
1.218613930344811251e02
1.241231387598917166e02
1.217853782288711102e02
1.172381746198991124e02
1.118624506159429757e02
1.202132301791088622e02
1.223348080858895059e02
1.244199526062422336e02
1.249660782925724476e02
1.203266131103338665e02
1.131810845038851312e02
1.229463847754300332e02
1.251277226708032941e02
1.242000464859568751e02
1.206093938815852908e02
1.166843331893661144e02
1.131814955684146753e02
1.220614608373605989e02
1.233128483386399807e02
1.231852519168582347e02
1.204427651404103443e02
1.170546677187462024e02
1.120625682918388577e02
1.217573180088242566e02
1.225453504792843944e02
1.234636703146575059e02
1.202753766268636895e02
1.181768419280767830e02
1.123753788225708234e02
1.212073648147237606e02
1.236334141404539508e02
1.223177970013009030e02
1.173017034289547098e02
1.121309259036590333e02
1.205582869268765052e02
1.222092155557321433e02
1.260287030739768852e02
1.249721309215991454e02
1.200163414309083691e02
1.130429008281715255e02
1.239856561257077345e02
1.255124530519722867e02
1.248680240771462593e02
1.204444018376019585e02
1.161375620251220795e02
1.119325386158914171e02
1.221535977185526036e02
1.237332413119954708e02
1.236238558304738433e02
1.206419251857812043e02
1.174916218998068445e02
1.127773410838762800e02
1.220686056326153164e02
1.237011640405807498e02
1.220448555819182985e02
1.219336772393538695e02
1.177091028381540951e02
1.119424645706225903e02
1.200696623768598670e02
1.233816259176034578e02
1.224479951826437514e02
1.181972610069939833e02
1.118215708360299487e02
1.199091792725734962e02
1.227998332341408059e02
1.255744600934481241e02
1.258280858890860685e02
1.213592752581040060e02
1.132419582438734125e02
1.232430970029386685e02
1.254810512595679910e02
1.251931069781396815e02
1.206028695194258802e02
1.177739125147016495e02
1.118056928803885626e02
1.217037880237629111e02
1.240316231398920479e02
1.225593005482317324e02
1.215100677299630973e02
1.169726399332292885e02
1.131970030510548071e02
1.219428596561033515e02
1.234314076983424684e02
1.227199223526332048e02
1.208579561681349333e02
1.167393415859453540e02
1.132907362320113123e02
1.208110955423800448e02
1.228994515369228537e02
1.245786747571880966e02
1.182122934595124661e02
1.118194077282239931e02
1.201869035578998393e02
1.227211062148123801e02
1.251809321803411734e02
1.253956904138594410e02
1.205703400964495557e02
1.134352704707780930e02
1.231718725651041666e02
1.253961520528651761e02
1.250170444113255428e02
1.206977786457157720e02
1.176257999191642085e02
1.121546260549469167e02
1.224366942211363920e02
1.243477133062512792e02
1.226939696571234322e02
1.211657369962237851e02
1.164712110052689411e02
1.125778989098265583e02
1.217210456947909449e02
1.226381800441750585e02
1.227950271775594757e02
1.201777746121216666e02
1.172397491938389038e02
1.132726246509008519e02
1.217851037971526438e02
1.217830563090523981e02
1.228957794012388263e02
1.220242451522365457e02
1.127349994956543924e02
1.204039198991744826e02
1.228033862960751321e02
1.248650963449254050e02
1.250933461448380228e02
1.206460110688243361e02
1.129637885704928237e02
1.233382951997775621e02
1.259445356429774847e02
1.242913989777208172e02
1.205851994360587298e02
1.162433503611416370e02
1.122838095224305732e02
1.209513041468854908e02
1.234518011982026309e02
1.235374903614977740e02
1.209748376393106497e02
1.169822386957928302e02
1.130970988269375255e02
1.206505482069466950e02
1.222573250590675684e02
1.233116110711556672e02
1.206528820624533864e02
1.174236315544657856e02
1.123579281825405900e02
1.209638060902294825e02
1.223147765978481800e02
1.235835205494932154e02
1.218256017815629235e02
1.173962812353737064e02
1.202054669167245180e02
1.222673257249390701e02
1.241102619573789241e02
1.254294221276057328e02
1.202124788306471999e02
1.131457723922248420e02
1.228806787935729403e02
1.257890782995059169e02
1.250768073301679806e02
1.203564210217599140e02
1.169378971283256448e02
1.122682685173855788e02
1.208160939017893583e02
1.230390347468564158e02
1.231265679402817312e02
1.202384700563770963e02
1.173241821919723691e02
1.124690816504082136e02
1.205724346676859966e02
1.224779027889521927e02
1.228603045327121777e02
1.206583220737498010e02
1.180211076948942122e02
1.121501562246389057e02
1.206440408756669740e02
1.218780139843502894e02
1.236448041404332514e02
1.222445827585062830e02
1.174244259131692303e02
1.125804965527492527e02
1.222890799667939632e02
1.244849072855505767e02
1.266118617978330576e02
1.204288273817842452e02
1.135583547733126863e02
1.226481199717793942e02
1.243068352497484028e02
1.257066491285173697e02
1.205607162681751845e02
1.159834517349839587e02
1.127760328041772766e02
1.210693424991080178e02
1.235158210011200879e02
1.232256140858629152e02
1.205423377137307597e02
1.166731289717377678e02
1.118960043900293329e02
1.209569910836981563e02
1.225798549000310942e02
1.223241305669044010e02
1.210144567437629206e02
1.170663988687461909e02
1.126281479708604252e02
1.217995383212915925e02
1.225196223493874612e02
1.227653666530840155e02
1.217969683132908756e02
1.173799528289719802e02
1.122742432843850509e02
1.201778484812524397e02
1.256391650865643186e02
1.248746144087193244e02
1.189194732474661009e02
1.131344517867160135e02
1.231521761548662255e02
1.252502503493501536e02
1.248866589782807210e02
1.199828480980806376e02
1.171776438718753184e02
1.122067121463746702e02
1.216942339249532807e02
1.230897178837537211e02
1.224673777069781551e02
1.194566759760765819e02
1.172850043039481562e02
1.130279241365578855e02
1.208191987297123262e02
1.227798048277137895e02
1.227163921291408855e02
1.212159754768020292e02
1.168555511510704008e02
1.127564554142303308e02
1.211786392895045736e02
1.229185668984172821e02
1.244789063743667441e02
1.222876098634932163e02
1.181272025466421240e02
1.119529281449085687e02
1.201022646878365236e02
1.218837385814417189e02
1.256177267429189470e02
1.195639080047052261e02
1.141708792807545478e02
1.227671855535516272e02
1.248129064540283935e02
1.247693358304399283e02
1.210057061915378682e02
1.165430531231520632e02
1.123125934248947289e02
1.218877577877487113e02
1.229202661216118173e02
1.239196793185728040e02
1.207905032863067305e02
1.164631208435697829e02
1.125866774364620966e02
1.205021172021865965e02
1.220602139023639552e02
1.223225596599784808e02
1.207905205411715599e02
1.168381250922588350e02
1.123344247176494832e02
1.209491391344333664e02
1.229540239773515395e02
1.236849148071811868e02
1.224373070604821834e02
1.183753420998310020e02
1.125485823928894149e02
1.197986297180563042e02
1.225012842658145047e02
1.251907817654216899e02
1.210548481474639004e02
1.127170535115038916e02
1.238221709160441151e02
1.255133704452879329e02
1.237784964731183663e02
1.208212422336910095e02
1.161307933483101920e02
1.125917104187418829e02
1.215146785015529929e02
1.229390381895997848e02
1.228360461781301041e02
1.208261481427053212e02
1.166426777788868065e02
1.130851092200831687e02
1.208969963666675937e02
1.228586153011909659e02
1.236865385046875758e02
1.210016657835778204e02
1.174529025752421774e02
1.121217461626064278e02
1.204159715152519681e02
1.220885182139556946e02
1.248727919462423870e02
1.228878407442707754e02
1.182514459674705023e02
1.133148403769280179e02
1.207608902541894622e02
1.225692426442286376e02
1.250728160470471835e02
1.266458240144697101e02
1.134234900434125848e02
1.227975497971068393e02
1.250300742603989903e02
1.251534106315617692e02
1.208881355965745996e02
1.150434212429143059e02
1.121338531338697067e02
1.211277824497761486e02
1.233940205600333258e02
1.232477266604585537e02
1.207588136106466266e02
1.155979846839886847e02
1.124479783245848239e02
1.194712868439068245e02
1.227516256266587646e02
1.233655930145319388e02
1.208999180797215161e02
1.173886823095365060e02
1.120151930207660769e02
1.207713090285597275e02
1.227717482393993151e02
1.228189134262406554e02
1.222320706080641486e02
1.178675516276471598e02
1.126088236225772192e02
1.211867775211472917e02
1.229790618455103299e02
1.254937867827194538e02
1.259160425549937088e02
1.201489685279968711e02
